header:
  seq: 2230042
  stamp:
    secs: 1542778981
    nsecs: 239314000
  frame_id: /left_hand_camera
height: 400
width: 640
distortion_model: plumb_bob
D: [0.0181107087889, -0.0521257435292, -0.000413578089386, 0.000970901217239, 0.0125426280491]
K: [404.864031743, 0.0, 630.990886129, 0.0, 404.864031743, 442.820007847, 0.0, 0.0, 1.0]
R: [1.0, 0.0, 0.0, 0.0, 1.0, 0.0, 0.0, 0.0, 1.0]
P: [404.864031743, 0.0, 310.99088612900005, 0.0, 0.0, 404.864031743, 242.820007847, 0.0, 0.0, 0.0, 1.0, 0.0]
binning_x: 1
binning_y: 1
roi:
  x_offset: 320
  y_offset: 200
  height: 400
  width: 640
  do_rectify: False
