header: 
  seq: 1111928
  stamp: 
    secs: 1542778999
    nsecs: 760341000
  frame_id: /right_hand_camera
height: 800
width: 1280
distortion_model: plumb_bob
D: [0.0177968679421, -0.0541269076547, 0.00276389338626, 0.00121303192695, 0.0136210234654]
K: [406.233016007, 0.0, 658.116836994, 0.0, 406.233016007, 419.855144292, 0.0, 0.0, 1.0]
R: [1.0, 0.0, 0.0, 0.0, 1.0, 0.0, 0.0, 0.0, 1.0]
P: [406.233016007, 0.0, 658.116836994, 0.0, 0.0, 406.233016007, 419.855144292, 0.0, 0.0, 0.0, 1.0, 0.0]
binning_x: 1
binning_y: 1
roi: 
  x_offset: 0
  y_offset: 0
  height: 800
  width: 1280
  do_rectify: False
